20
37 89
0 29
18 24
34 35
13 22
5 33
9 17
25 31
0 13
26 35
15 23
7 26
28 29
15 23
18 33
15 22
25 30
19 21
3 16
9 33
12 33
4 7
11 18
11 15
20 26
3 22
1 8
20 34
1 8
0 1
5 35
19 30
11 25
6 12
20 24
6 14
28 32
0 35
9 10
3 33
2 30
5 11
3 4
3 32
6 29
5 13
3 13
20 26
9 33
5 6
0 19
2 28
3 21
2 16
0 2
3 21
9 27
5 24
20 35
5 11
3 27
9 30
5 15
0 27
20 25
3 32
20 25
3 18
20 34
9 34
3 14
20 34
5 23
0 33
3 32
9 19
3 27
9 16
5 31
9 33
20 36
9 15
20 28
3 26
9 14
5 36
3 12
9 27
5 35
5 19

38 315
12 31
23 24
6 7
13 18
20 21
10 15
0 35
28 30
3 26
9 30
2 34
2 19
9 19
12 34
20 26
1 24
3 27
22 31
3 23
8 14
6 11
2 11
2 35
8 26
9 21
0 28
4 13
5 11
2 10
6 33
6 21
4 9
1 24
4 27
0 1
6 30
8 19
22 29
8 16
3 11
3 28
0 36
3 17
3 16
4 6
4 31
2 26
3 8
2 18
12 35
4 22
2 30
32 34
12 15
3 9
25 35
2 32
0 3
12 34
5 21
0 29
0 20
5 24
4 31
2 9
5 36
0 3
5 14
4 28
25 27
0 10
5 21
2 4
5 26
12 36
2 18
5 18
5 23
25 37
0 25
5 22
12 32
12 29
5 31
0 23
0 25
2 6
0 35
12 27
5 24
5 37
2 21
5 13
12 31
0 30
12 18
5 24
5 20
0 37
0 6
0 35
2 27
5 34
12 37
0 26
5 37
12 17
0 31
2 21
0 2
12 19
5 34
5 31
0 28
0 35
12 36
0 33
12 29
0 23
5 33
0 8
12 23
5 7
0 24
5 36
5 29
0 7
12 34
0 27
0 30
0 20
12 16
12 35
0 29
0 18
0 28
5 16
0 11
12 22
0 15
12 36
0 33
12 21
5 21
0 9
12 30
5 17
0 4
0 6
0 25
12 22
5 31
12 34
0 19
5 30
5 17
12 20
12 30
12 25
12 24
0 1
0 1
12 36
0 2
0 2
0 4
5 22
0 25
5 12
0 12
0 16
5 9
0 11
0 2
5 10
5 12
5 25
0 9
0 20
0 26
5 18
0 32
5 7
5 32
5 31
0 29
5 27
5 34
5 29
5 18
5 28
5 16
0 10
0 28
0 10
0 6
5 32
0 19
5 12
0 8
0 36
5 37
0 14
5 34
0 35
5 35
5 29
5 9
5 34
5 17
5 35
0 35
5 19
0 17
5 7
5 10
5 29
0 24
0 19
0 12
5 21
0 30
5 29
0 3
5 32
0 27
5 21
5 13
0 33
5 32
5 16
5 21
0 17
5 28
0 7
5 37
5 37
5 34
5 9
5 20
0 13
0 32
0 9
0 15
5 11
0 25
0 34
0 35
5 33
0 14
5 6
0 23
0 25
0 23
0 25
5 13
5 24
5 7
5 7
0 31
5 24
5 23
0 23
0 21
0 22
0 2
0 23
5 24
5 8
5 18
0 16
0 25
0 6
0 25
5 12
0 8
5 11
0 29
0 36
0 19
0 35
5 19
5 22
5 25
5 27
0 31
5 27
5 19
0 20
5 24
5 18
5 31
5 22
0 25
5 27
5 19
5 33
5 15
5 6
5 37
0 12
5 12
5 35
5 19
5 6
5 9
0 28
5 27
0 25
0 25
5 33
0 18
0 12
5 30
0 37

14 25
4 9
1 3
12 13
1 12
1 9
4 12
1 6
1 10
0 4
1 8
2 10
0 4
7 10
5 10
5 10
7 9
1 8
7 10
0 11
0 9
2 10
7 11
5 13
1 13
0 3

5 3
1 2
3 4
1 2

24 131
6 8
0 8
4 22
1 2
0 17
4 18
6 21
12 22
9 14
13 19
7 19
20 21
5 19
11 13
0 23
1 4
0 16
6 12
1 23
9 15
10 20
11 15
6 7
5 21
9 13
5 11
3 5
1 19
10 22
6 16
10 13
1 15
9 12
10 12
6 21
0 10
0 7
1 23
3 6
3 19
0 6
3 14
1 23
1 6
9 20
9 20
3 20
0 10
1 22
9 11
1 15
0 18
1 8
1 12
0 1
0 6
9 17
9 22
3 13
0 12
9 18
0 5
9 21
0 6
3 12
3 16
0 11
9 10
0 9
0 6
0 12
0 13
3 4
0 22
3 8
0 17
0 10
3 14
0 16
3 11
0 4
0 8
0 20
3 18
3 6
3 6
3 18
0 18
3 4
0 8
0 22
3 9
3 13
3 15
0 19
3 4
3 14
0 14
0 8
0 11
3 5
0 11
3 6
3 4
0 5
3 13
3 4
3 11
3 5
3 4
0 17
3 12
3 21
0 21
0 2
0 23
0 8
0 6
3 7
3 20
0 14
3 4
0 14
3 4
3 8
0 9
0 16
3 19
3 15
3 21
0 20

22 152
13 14
5 17
6 15
13 20
10 17
9 15
10 17
0 8
11 20
1 19
0 8
4 11
16 19
0 2
9 10
12 18
3 7
1 4
1 10
1 4
6 20
3 11
1 7
13 18
0 14
0 7
9 11
1 11
1 9
6 16
1 15
5 8
1 11
1 10
0 3
0 8
6 15
6 15
12 18
5 19
1 13
0 7
6 12
0 2
5 18
1 2
0 16
6 19
1 16
6 14
0 15
6 18
1 6
5 6
1 8
0 21
1 12
5 13
1 5
0 2
1 20
0 5
0 14
0 21
1 13
0 18
1 7
0 7
1 13
0 16
0 5
0 19
0 10
0 9
1 10
1 4
1 19
1 16
1 21
0 15
1 5
0 10
1 7
0 3
0 16
0 3
1 12
0 10
0 20
1 14
0 11
1 15
1 12
1 19
0 1
0 14
0 2
0 11
0 8
0 16
0 18
0 15
0 10
0 10
0 17
0 14
0 5
0 13
0 11
0 14
0 1
0 18
0 3
0 2
0 16
0 1
0 11
0 6
0 14
0 14
0 17
0 17
0 16
0 13
0 13
0 6
0 3
0 19
0 13
0 14
0 16
0 16
0 16
0 9
0 11
0 5
0 21
0 5
0 13
0 4
0 2
0 12
0 4
0 9
0 3
0 5
0 5
0 5
0 14
0 16
0 17
0 19

36 524
31 34
10 31
7 10
13 30
18 21
3 29
20 26
2 28
2 22
15 30
6 31
32 33
9 28
0 23
20 34
18 22
25 29
4 22
9 14
4 16
1 8
27 31
5 26
5 34
3 13
27 29
15 24
4 18
12 28
2 5
11 13
11 22
17 32
4 31
12 13
1 3
0 29
6 32
17 30
6 24
11 14
17 27
9 34
1 35
19 32
20 25
17 33
4 7
1 14
2 28
6 26
2 21
19 35
15 32
2 6
1 19
2 18
1 26
9 27
2 18
1 5
17 27
1 11
1 33
4 26
4 33
15 19
1 32
15 20
1 4
0 28
17 33
2 9
1 2
17 20
0 4
17 26
0 10
0 15
17 21
12 16
1 29
0 35
17 24
1 31
1 26
0 23
1 12
0 15
17 22
1 26
17 19
1 29
0 8
17 27
17 22
0 22
0 30
0 4
1 24
17 34
0 26
0 22
1 16
0 3
17 35
17 32
1 35
1 32
1 20
1 30
17 19
1 14
0 6
0 27
0 24
0 22
0 22
0 5
17 21
17 27
17 22
1 13
0 25
1 7
1 28
0 18
1 30
0 15
1 2
1 4
0 9
0 28
0 6
17 21
0 4
1 20
17 19
17 22
1 20
1 23
0 16
1 19
1 31
0 28
0 31
17 21
0 21
17 31
0 10
0 22
1 6
0 27
1 35
1 26
1 22
1 10
1 23
1 26
0 16
0 4
1 2
1 29
1 27
1 26
0 1
0 18
0 12
0 6
0 11
17 28
17 24
0 8
0 28
0 27
0 35
0 25
0 11
0 18
0 10
0 29
0 16
0 33
17 35
0 11
17 32
0 2
17 19
0 24
17 29
0 13
0 35
17 33
0 12
0 26
17 23
0 7
0 1
0 10
0 14
17 19
0 35
0 12
17 29
0 35
0 1
0 26
0 3
0 21
0 34
0 33
0 19
0 4
0 2
0 17
0 1
0 10
0 14
0 22
0 33
0 6
0 11
0 17
0 1
0 19
0 26
0 21
0 26
0 5
0 28
0 23
0 28
0 32
0 4
0 21
0 32
0 9
0 26
0 31
0 11
0 28
0 15
0 26
0 11
0 33
0 12
0 4
0 12
0 30
0 32
0 2
0 1
0 14
0 25
0 13
0 1
0 17
0 16
0 4
0 23
0 34
0 19
0 32
0 18
0 8
0 16
0 33
0 5
0 21
0 1
0 30
0 4
0 30
0 17
0 32
0 30
0 6
0 2
0 14
0 16
0 31
0 29
0 7
0 20
0 7
0 13
0 14
0 7
0 8
0 12
0 33
0 35
0 25
0 22
0 32
0 23
0 9
0 12
0 6
0 20
0 5
0 28
0 28
0 4
0 9
0 24
0 20
0 20
0 10
0 10
0 18
0 15
0 15
0 15
0 32
0 32
0 13
0 3
0 4
0 20
0 2
0 25
0 17
0 19
0 32
0 30
0 27
0 26
0 14
0 9
0 29
0 12
0 15
0 12
0 24
0 20
0 17
0 27
0 18
0 10
0 24
0 25
0 10
0 26
0 16
0 8
0 10
0 5
0 29
0 29
0 5
0 29
0 3
0 27
0 19
0 13
0 18
0 7
0 14
0 32
0 25
0 11
0 1
0 25
0 29
0 8
0 6
0 29
0 17
0 32
0 28
0 32
0 13
0 4
0 5
0 18
0 27
0 9
0 26
0 7
0 23
0 2
0 12
0 10
0 25
0 27
0 28
0 32
0 26
0 24
0 9
0 4
0 30
0 1
0 23
0 13
0 34
0 6
0 7
0 24
0 13
0 6
0 12
0 25
0 6
0 3
0 2
0 34
0 2
0 35
0 12
0 8
0 12
0 3
0 33
0 22
0 21
0 15
0 28
0 30
0 24
0 19
0 23
0 8
0 25
0 1
0 7
0 23
0 11
0 14
0 9
0 21
0 7
0 24
0 26
0 9
0 29
0 12
0 14
0 8
0 8
0 17
0 32
0 10
0 12
0 21
0 16
0 8
0 34
0 26
0 17
0 32
0 30
0 22
0 35
0 32
0 7
0 9
0 4
0 1
0 28
0 34
0 22
0 22
0 4
0 18
0 21
0 30
0 21
0 27
0 31
0 35
0 26
0 20
0 7
0 28
0 3
0 13
0 19
0 28
0 17
0 15
0 22
0 14
0 14
0 7
0 13
0 28
0 32
0 8
0 23
0 20
0 22
0 35
0 27
0 2
0 14
0 19
0 25
0 6
0 2
0 2
0 27
0 32
0 26
0 12
0 2
0 12
0 25
0 8
0 22
0 9
0 32
0 9
0 34
0 22
0 34
0 28
0 3
0 32
0 35
0 10
0 29
0 4

49 1051
8 16
8 35
45 48
19 33
25 32
3 41
10 17
2 44
4 34
15 24
11 22
27 44
6 22
23 48
14 26
20 25
2 14
37 47
8 15
0 47
8 46
9 44
6 31
4 8
12 16
0 27
23 32
23 32
7 9
18 29
0 27
4 5
38 40
20 37
6 21
2 46
18 46
18 21
23 42
2 47
10 25
3 33
6 34
23 36
4 38
4 26
12 20
12 26
6 12
3 40
13 14
1 24
0 34
0 2
0 10
11 24
13 16
6 18
7 18
0 3
19 47
6 29
7 18
30 45
19 46
13 33
4 47
6 19
13 28
7 34
0 31
0 27
1 29
0 16
11 25
0 11
1 7
1 18
13 20
4 36
1 37
0 2
30 36
0 3
30 43
23 48
1 10
39 41
13 47
4 20
4 40
4 39
6 38
13 33
6 38
1 22
0 15
30 45
4 45
13 27
0 12
1 31
0 24
4 10
23 31
6 42
0 24
4 22
30 34
1 13
4 17
1 17
1 21
1 12
1 25
1 47
4 47
1 6
30 40
4 31
1 3
23 26
0 22
4 6
1 11
4 28
4 26
0 35
0 29
30 36
4 8
23 25
0 45
23 41
0 24
23 36
0 42
30 43
1 47
23 45
4 45
0 27
4 46
1 21
1 7
1 28
30 38
1 19
4 13
1 37
1 4
23 38
0 13
0 32
1 31
1 22
1 44
1 12
30 33
1 9
0 29
1 22
0 2
1 38
0 36
1 40
1 22
0 33
0 12
0 44
1 45
23 48
0 44
0 42
1 14
0 29
30 36
23 27
23 47
30 33
0 9
0 14
1 15
23 39
1 6
23 34
23 29
1 28
1 34
0 9
0 34
23 29
0 37
30 32
1 29
1 31
0 31
23 35
0 48
0 24
23 31
23 26
1 13
1 27
0 47
1 17
30 35
0 2
23 34
0 37
1 37
30 47
1 3
0 9
0 48
1 36
23 39
1 24
23 38
23 44
1 23
30 32
0 10
1 17
0 19
0 43
1 18
1 2
1 36
1 5
30 47
1 40
0 28
0 5
1 23
0 36
1 6
0 38
0 8
1 38
1 23
1 39
0 25
1 4
30 44
30 35
1 12
0 42
30 39
1 38
0 37
0 5
0 35
1 15
1 39
1 13
0 22
1 44
1 40
1 38
0 23
0 7
1 20
1 15
0 7
0 24
0 21
30 41
1 21
1 40
0 32
30 42
30 47
0 24
1 37
0 28
0 27
0 10
0 11
1 12
0 21
1 37
1 15
0 18
0 38
0 42
0 32
30 46
30 31
0 8
30 40
1 6
1 20
0 24
30 37
1 38
0 27
0 32
0 6
1 27
30 35
1 2
1 11
1 20
1 4
30 46
30 44
0 29
0 27
30 46
1 19
1 16
1 31
1 37
30 34
0 11
1 29
0 39
0 32
30 34
30 36
0 45
1 28
0 40
0 32
0 40
30 46
1 21
1 35
1 35
0 45
30 32
1 38
0 36
1 43
1 29
30 32
0 15
0 26
1 48
0 29
0 20
30 45
0 9
0 22
1 7
1 25
0 37
0 46
1 4
1 19
0 12
30 42
30 43
1 22
1 19
1 43
1 3
1 43
0 7
1 36
0 45
1 16
30 38
1 10
1 32
0 42
1 48
0 38
1 29
0 4
0 11
1 33
0 9
0 17
1 14
1 22
1 30
0 3
1 43
1 3
1 19
0 5
1 11
1 39
0 12
0 4
0 38
0 28
1 44
1 34
1 47
0 42
0 24
0 16
0 28
1 43
0 20
1 27
1 37
1 3
1 2
1 11
1 2
1 44
1 36
0 25
1 26
1 6
0 31
0 43
1 31
0 19
0 20
0 32
0 28
0 46
0 35
0 25
1 26
0 16
1 23
1 14
1 26
1 19
0 42
0 17
0 16
1 19
0 23
1 6
1 34
0 43
0 36
0 7
1 15
1 38
1 7
1 45
0 17
0 26
0 32
1 39
0 11
0 39
1 40
1 18
0 25
1 3
0 17
1 21
0 19
1 24
0 12
1 27
0 24
1 17
1 26
0 13
0 3
0 40
1 36
0 26
0 29
0 31
1 7
1 18
1 20
0 4
0 13
1 21
1 14
1 15
1 17
1 34
0 24
1 17
1 35
1 7
0 3
1 25
0 37
1 26
0 33
1 43
0 38
0 18
1 35
0 34
0 16
1 12
1 2
0 5
1 17
1 37
1 29
0 48
0 45
0 2
1 43
0 40
0 16
1 22
0 30
1 33
1 16
0 36
1 22
0 44
0 41
1 12
0 44
1 23
1 30
1 13
1 22
1 3
0 27
0 27
1 27
0 7
0 39
0 8
0 24
0 40
1 37
1 5
1 4
0 22
1 31
0 33
0 44
1 5
1 47
1 19
1 37
1 35
0 19
0 33
1 3
0 16
1 6
0 47
0 1
0 41
0 9
0 39
0 10
0 41
0 26
0 47
0 3
0 41
0 37
0 33
0 1
0 33
0 37
0 3
0 15
0 1
0 44
0 4
0 15
0 26
0 45
0 18
0 1
0 7
0 40
0 21
0 4
0 41
0 43
0 5
0 7
0 22
0 18
0 42
0 41
0 29
0 15
0 32
0 21
0 44
0 20
0 5
0 22
0 21
0 19
0 31
0 27
0 29
0 9
0 8
0 14
0 39
0 15
0 40
0 36
0 33
0 39
0 40
0 11
0 34
0 39
0 41
0 45
0 15
0 9
0 16
0 5
0 9
0 3
0 12
0 7
0 2
0 22
0 48
0 22
0 20
0 32
0 35
0 46
0 47
0 27
0 9
0 11
0 34
0 48
0 38
0 27
0 27
0 22
0 37
0 38
0 15
0 36
0 45
0 38
0 39
0 40
0 3
0 8
0 37
0 3
0 27
0 47
0 16
0 47
0 7
0 4
0 21
0 17
0 1
0 21
0 21
0 20
0 38
0 40
0 23
0 33
0 48
0 46
0 18
0 25
0 6
0 22
0 23
0 31
0 6
0 25
0 48
0 42
0 44
0 44
0 33
0 6
0 2
0 16
0 2
0 14
0 6
0 37
0 13
0 35
0 14
0 38
0 40
0 17
0 35
0 15
0 21
0 5
0 27
0 10
0 42
0 9
0 1
0 13
0 12
0 28
0 46
0 22
0 24
0 5
0 43
0 35
0 9
0 19
0 22
0 34
0 18
0 3
0 17
0 11
0 6
0 25
0 38
0 8
0 15
0 3
0 15
0 46
0 42
0 35
0 48
0 20
0 30
0 18
0 28
0 16
0 46
0 12
0 8
0 12
0 4
0 33
0 30
0 15
0 35
0 42
0 8
0 21
0 5
0 16
0 20
0 48
0 16
0 6
0 42
0 39
0 30
0 30
0 28
0 8
0 34
0 30
0 7
0 31
0 9
0 21
0 26
0 23
0 4
0 18
0 45
0 10
0 36
0 11
0 16
0 41
0 30
0 33
0 36
0 34
0 47
0 27
0 18
0 11
0 13
0 23
0 11
0 43
0 34
0 13
0 1
0 17
0 12
0 30
0 34
0 8
0 29
0 6
0 34
0 3
0 25
0 37
0 30
0 3
0 17
0 32
0 23
0 38
0 34
0 35
0 43
0 11
0 40
0 24
0 28
0 23
0 35
0 42
0 18
0 40
0 14
0 42
0 29
0 36
0 13
0 48
0 45
0 35
0 32
0 9
0 12
0 5
0 8
0 18
0 9
0 22
0 46
0 14
0 44
0 1
0 1
0 17
0 45
0 12
0 42
0 47
0 33
0 40
0 43
0 32
0 31
0 45
0 35
0 3
0 7
0 16
0 5
0 23
0 9
0 13
0 38
0 26
0 5
0 42
0 8
0 13
0 32
0 22
0 45
0 30
0 47
0 5
0 1
0 34
0 13
0 46
0 12
0 11
0 28
0 9
0 28
0 24
0 25
0 20
0 3
0 27
0 25
0 20
0 7
0 38
0 37
0 6
0 41
0 17
0 25
0 19
0 41
0 28
0 30
0 27
0 28
0 31
0 13
0 32
0 5
0 11
0 28
0 32
0 12
0 10
0 20
0 3
0 6
0 34
0 23
0 3
0 3
0 9
0 8
0 10
0 32
0 48
0 24
0 47
0 16
0 1
0 45
0 2
0 47
0 40
0 37
0 29
0 41
0 48
0 19
0 46
0 48
0 39
0 28
0 41
0 44
0 1
0 34
0 35
0 27
0 14
0 5
0 4
0 46
0 10
0 38
0 23
0 15
0 37
0 16
0 37
0 8
0 16
0 39
0 29
0 7
0 18
0 21
0 48
0 24
0 29
0 45
0 9
0 31
0 47
0 33
0 14
0 17
0 7
0 28
0 23
0 19
0 43
0 8
0 38
0 47
0 5
0 40
0 24
0 5
0 39
0 21
0 45
0 29
0 4
0 20
0 36
0 22
0 41
0 6
0 48
0 22
0 37
0 29
0 4
0 30
0 7
0 8
0 1
0 13
0 33
0 22
0 41
0 13
0 23
0 19
0 2
0 14
0 15
0 26
0 26
0 8
0 14
0 46
0 46
0 2
0 21
0 7
0 31
0 34
0 6
0 37
0 5
0 16
0 36
0 28
0 18
0 19
0 8
0 28
0 9
0 21
0 14
0 38
0 31
0 9
0 31
0 43
0 40
0 36
0 36
0 47
0 3
0 28
0 8
0 45
0 28
0 6
0 4
0 40

11 46
0 7
4 7
3 7
4 7
5 7
2 6
3 5
4 5
3 8
2 9
3 7
1 8
4 8
4 6
2 9
2 7
1 10
1 9
0 2
0 7
1 4
3 10
3 7
1 4
1 7
0 6
1 9
3 4
1 10
1 6
3 5
3 7
1 3
0 9
0 5
0 6
0 3
0 4
1 3
1 2
1 10
1 4
1 2
1 4
0 6
0 8

24 159
12 22
3 7
1 16
10 15
8 22
3 5
8 22
17 22
10 17
1 7
9 23
9 11
0 13
14 18
2 6
4 17
12 22
12 20
8 22
12 18
8 15
4 23
8 23
1 7
10 19
0 7
0 3
8 16
9 13
2 10
12 15
9 13
4 11
2 8
1 17
14 23
2 3
14 16
4 18
4 10
9 17
9 12
2 22
2 14
0 6
2 7
2 22
0 21
2 5
4 17
2 20
0 7
2 16
1 7
1 13
4 7
0 7
1 23
0 4
0 11
1 5
1 3
9 21
2 5
1 18
0 21
2 13
2 7
2 13
0 14
0 1
9 18
0 5
0 3
2 10
0 16
9 10
2 11
2 14
9 21
2 14
2 18
0 14
0 7
9 20
2 4
2 22
9 15
0 16
2 20
9 17
2 10
2 17
0 20
9 19
0 10
0 12
0 17
9 13
0 15
0 18
9 16
0 20
9 20
2 17
9 22
9 23
0 7
0 14
9 14
0 19
0 8
0 12
0 6
9 23
9 14
0 4
0 22
2 19
0 6
0 15
2 8
9 19
9 10
0 21
9 10
2 3
9 18
2 5
0 15
2 4
2 18
2 7
0 13
2 15
9 16
0 14
2 12
9 15
2 5
0 16
9 19
0 6
2 23
2 5
2 10
0 16
9 14
9 11
0 1
2 21
2 15
2 6
0 6
9 10
0 16
2 21
9 15
9 20

0 0

47 289
1 46
26 44
14 32
14 28
0 39
38 42
5 12
3 40
11 41
30 31
22 43
23 26
25 37
16 21
24 26
3 7
19 33
15 37
2 25
30 37
8 43
36 43
5 37
2 24
30 35
6 45
4 33
16 36
27 38
1 12
10 34
1 17
9 38
4 26
0 19
23 32
0 11
10 38
10 38
15 36
2 23
16 45
6 30
6 19
9 39
2 44
2 45
16 37
0 27
4 10
16 17
1 33
6 30
14 30
1 4
14 41
2 37
29 40
2 13
3 6
8 46
18 27
14 27
22 29
20 25
3 6
20 46
20 31
1 38
22 28
15 29
0 6
1 3
5 37
18 27
15 33
20 36
16 22
8 20
0 26
16 42
0 23
1 35
5 46
0 45
5 7
8 28
16 21
16 36
2 20
2 7
2 21
16 34
8 10
0 27
5 27
5 33
14 38
2 41
1 22
5 44
1 30
18 43
1 40
16 33
0 46
2 19
15 25
5 8
2 19
16 37
9 24
18 37
1 3
2 36
1 26
14 38
16 31
2 10
1 40
18 30
5 11
16 46
14 36
2 45
14 36
14 33
14 46
0 30
2 33
0 24
0 32
0 3
9 22
0 17
15 23
0 29
2 44
15 28
2 34
1 19
9 39
14 39
5 26
16 24
9 31
0 28
14 26
9 41
16 46
14 21
14 37
18 34
9 35
1 46
18 42
18 25
5 14
15 26
1 9
18 31
5 32
0 35
1 39
5 33
1 37
1 24
1 12
5 15
1 42
2 8
1 38
1 34
2 17
2 5
2 30
18 27
2 39
0 45
0 34
2 34
16 17
0 1
2 30
0 1
18 35
0 13
2 30
0 28
0 30
0 29
0 6
16 21
0 39
16 22
0 43
2 3
18 42
18 29
2 4
16 17
2 25
0 39
2 12
18 39
2 9
2 15
16 42
18 42
0 42
0 29
0 39
2 19
2 20
2 34
2 37
0 22
0 23
0 11
18 23
18 44
0 3
18 36
2 35
2 24
16 43
18 35
0 34
2 23
18 32
16 36
16 26
2 20
0 5
2 22
0 21
2 42
0 24
0 41
0 11
2 8
2 6
16 18
16 22
16 22
2 33
16 32
2 37
16 24
2 4
0 1
2 16
2 8
2 14
2 22
2 43
2 37
2 46
0 15
2 27
2 19
0 5
0 44
0 31
0 46
0 5
0 26
2 20
2 27
0 6
2 29
0 27
2 27
2 4
2 44
2 36
2 8
2 7
2 40
2 38
0 29
2 13
0 34
0 17
0 12
2 21
0 15
0 41
0 8

21 1
5 6

0 0

42 148
8 37
7 11
18 33
13 19
1 9
10 28
22 23
15 35
14 26
14 37
4 26
8 26
3 25
7 18
0 35
0 1
13 37
10 22
13 29
0 4
3 35
5 12
10 39
0 36
34 38
27 37
34 39
2 10
16 40
2 15
17 31
7 40
5 36
0 15
6 7
14 30
2 6
0 7
17 19
21 27
16 40
5 19
5 39
13 25
0 4
2 12
16 39
16 34
20 38
17 25
8 24
17 22
3 32
20 40
16 39
20 26
17 24
5 36
16 25
5 23
3 29
0 17
13 38
21 32
21 36
3 32
13 19
8 33
0 35
3 31
16 17
0 31
3 38
21 29
2 40
2 20
16 22
0 32
8 13
14 17
8 35
3 32
14 22
21 31
0 8
0 4
3 13
16 21
5 6
2 30
0 16
0 5
3 24
2 11
3 35
3 13
0 40
2 15
0 31
3 11
0 19
14 18
3 32
2 36
2 36
3 35
3 28
14 27
0 37
14 34
3 6
0 27
14 20
0 20
14 23
2 4
0 2
3 20
3 23
14 21
0 19
3 8
14 39
0 40
3 8
3 6
14 30
0 24
14 28
14 23
0 19
14 36
0 40
3 17
3 19
14 18
0 9
3 31
14 32
0 1
3 18
3 30
3 35
14 37
14 20
3 24
0 34
0 15

13 10
8 10
4 7
0 12
6 10
3 9
5 12
2 8
2 10
0 9
2 4

29 39
5 24
6 11
17 18
1 17
0 3
13 28
16 18
21 25
15 27
7 26
8 27
5 23
9 24
6 15
7 16
4 22
9 17
19 23
13 27
2 8
4 28
12 25
2 18
7 12
0 8
0 13
2 5
14 16
7 27
6 17
10 26
6 19
1 10
4 14
20 26
4 19
21 27
2 5
0 1

8 21
3 7
0 3
4 5
4 6
2 6
4 7
0 2
0 5
4 5
1 3
0 3
0 1
0 1
4 6
0 2
4 7
4 6
0 5
0 2
0 7
0 3

15 12
3 11
0 11
0 14
1 2
0 5
9 14
0 5
10 12
1 8
6 10
1 6
4 6

45 605
25 42
0 9
10 37
34 44
21 32
10 22
4 6
7 42
4 27
8 22
13 16
8 20
1 17
3 12
10 37
2 29
7 42
13 21
3 22
15 42
1 39
18 41
2 28
8 14
0 43
7 37
1 5
15 29
35 38
15 28
2 3
18 40
30 44
26 43
11 26
1 23
13 23
0 8
33 36
0 26
4 6
25 41
33 41
0 24
4 32
0 15
2 17
2 39
1 8
11 19
34 40
7 11
25 41
7 34
18 33
1 41
31 43
2 14
4 41
18 34
35 37
2 22
4 35
13 35
31 35
2 36
30 40
4 7
18 33
1 18
10 41
4 34
1 30
0 25
13 28
0 7
1 43
13 27
1 42
2 19
0 23
2 24
1 28
1 34
10 37
2 4
13 27
0 37
31 34
13 44
13 19
1 42
2 42
13 17
0 40
1 9
2 42
13 15
0 11
2 4
2 26
31 38
13 41
13 37
10 25
0 16
31 39
10 20
1 3
1 12
2 28
13 26
13 22
13 29
10 18
31 40
1 24
2 37
10 29
0 20
13 23
1 22
10 17
1 9
1 35
0 16
1 33
10 23
0 15
0 5
2 27
13 34
0 24
1 43
13 16
13 15
2 14
2 44
2 19
1 16
1 5
2 39
10 29
13 16
1 40
2 8
13 27
10 30
0 30
0 26
0 7
1 29
13 24
10 22
2 43
0 25
2 25
1 36
0 24
2 27
0 41
0 13
2 13
10 17
10 23
2 39
10 37
1 26
2 6
0 35
2 40
2 18
1 32
0 13
0 23
31 36
0 4
2 22
2 32
1 10
0 40
0 38
0 17
31 41
1 11
2 40
2 15
2 27
31 41
2 43
0 17
2 26
2 18
0 32
0 34
0 42
1 35
0 27
1 18
2 39
1 31
1 6
1 3
1 13
0 4
1 34
1 19
0 30
1 9
0 33
2 21
1 43
0 34
1 34
2 5
1 15
0 17
1 43
0 41
1 41
1 18
1 34
0 40
0 39
0 13
0 3
0 19
1 21
0 24
0 28
2 26
0 1
0 25
0 43
0 16
0 32
2 12
2 44
0 27
2 38
2 32
2 33
2 25
2 12
0 21
0 19
2 19
0 34
0 1
0 20
2 19
2 14
2 22
2 10
2 29
0 18
2 13
0 28
0 3
0 36
0 37
0 11
2 28
0 38
2 24
2 12
2 27
0 41
2 13
0 5
0 43
0 26
0 27
0 33
0 43
0 5
2 17
0 38
2 24
0 3
0 34
0 17
0 35
2 15
0 42
0 14
0 23
0 26
0 22
0 19
2 30
2 9
0 15
0 39
2 31
0 4
0 11
2 8
2 7
2 19
2 32
2 4
0 19
0 18
2 7
0 9
0 20
0 44
2 33
2 7
0 30
0 10
2 38
0 43
2 32
0 31
2 8
0 32
0 5
0 18
0 35
0 29
2 41
0 9
0 39
0 22
0 40
2 38
2 10
0 6
0 19
0 2
0 13
0 33
0 22
0 44
0 27
0 10
0 1
0 19
0 6
0 36
0 41
0 37
0 32
0 7
0 17
0 26
0 25
0 31
0 36
0 23
0 26
0 6
0 25
0 31
0 9
0 35
0 29
0 39
0 18
0 19
0 30
0 30
0 19
0 6
0 4
0 25
0 44
0 21
0 38
0 28
0 25
0 39
0 31
0 8
0 9
0 33
0 5
0 24
0 34
0 41
0 41
0 3
0 8
0 7
0 32
0 3
0 29
0 3
0 35
0 36
0 35
0 29
0 41
0 2
0 22
0 15
0 16
0 43
0 44
0 3
0 28
0 29
0 30
0 31
0 33
0 29
0 35
0 12
0 2
0 26
0 11
0 40
0 22
0 20
0 41
0 41
0 6
0 15
0 42
0 31
0 37
0 14
0 10
0 34
0 21
0 38
0 38
0 38
0 27
0 17
0 27
0 18
0 15
0 19
0 35
0 30
0 14
0 14
0 24
0 24
0 21
0 31
0 17
0 39
0 7
0 20
0 11
0 16
0 3
0 22
0 40
0 2
0 6
0 10
0 11
0 27
0 28
0 9
0 17
0 6
0 31
0 21
0 31
0 23
0 37
0 32
0 4
0 16
0 35
0 40
0 6
0 41
0 21
0 22
0 9
0 20
0 12
0 23
0 39
0 29
0 2
0 10
0 39
0 21
0 43
0 41
0 25
0 41
0 21
0 9
0 9
0 17
0 37
0 5
0 9
0 9
0 36
0 24
0 32
0 13
0 10
0 26
0 22
0 44
0 9
0 37
0 35
0 25
0 8
0 34
0 21
0 23
0 9
0 44
0 33
0 1
0 40
0 1
0 9
0 10
0 43
0 16
0 15
0 25
0 21
0 4
0 36
0 42
0 18
0 4
0 1
0 35
0 1
0 30
0 19
0 27
0 34
0 18
0 37
0 26
0 7
0 12
0 42
0 44
0 20
0 33
0 4
0 37
0 37
0 14
0 17
0 16
0 24
0 6
0 20
0 30
0 17
0 4
0 25
0 40
0 37
0 35
0 6
0 41
0 23
0 39
0 29
0 17
0 12
0 1
0 16
0 38
0 44
0 6
0 38
0 11
0 22
0 44
0 8
0 12
0 16
0 10
0 2
0 18
0 37
0 36
0 33
0 36
0 35
0 10
0 23
0 27
0 33
0 33
0 27
0 31
0 28
0 8
0 42
0 22
0 29
0 2
0 26

