20
11 52
9 7
3 2
3 0
4 9
0 4
7 2
4 0
6 6
10 2
1 2
4 6
7 3
8 1
1 9
8 3
3 4
0 5
3 3
0 10
2 1
1 2
0 8
3 1
3 6
6 1
3 7
9 5
1 6
9 4
4 7
8 5
7 4
8 7
9 10
0 0
6 0
7 0
4 7
6 4
2 7
4 1
3 10
5 6
2 8
0 3
2 8
2 1
6 1
10 9
9 2
4 6
10 9

3 2
0 2
0 0

30 291
28 0
14 11
17 13
15 4
1 23
7 26
10 0
20 7
17 28
17 18
29 15
13 6
26 12
23 11
29 14
18 22
25 2
11 19
2 2
28 1
28 14
24 26
16 17
17 19
29 22
3 21
3 29
25 20
28 14
29 13
11 8
25 3
7 21
9 4
26 25
12 5
19 23
0 11
10 18
2 26
26 2
15 3
28 1
22 26
12 28
0 10
15 18
9 14
8 19
0 13
20 17
0 21
13 6
4 16
21 13
19 16
26 15
27 15
18 21
27 22
14 27
0 25
10 24
17 25
28 17
8 24
13 1
19 6
10 16
19 23
29 1
29 19
2 16
28 21
29 14
1 9
4 1
17 7
15 4
13 2
8 11
18 18
23 24
12 27
2 12
20 3
23 22
21 23
28 8
24 8
24 5
28 24
21 0
14 2
23 21
18 4
3 14
2 9
29 25
19 11
6 13
21 20
12 26
21 22
22 29
22 9
17 18
5 29
22 13
24 25
25 22
23 11
9 15
13 8
8 19
21 22
20 8
16 21
22 14
20 7
29 6
20 6
24 28
2 27
22 25
23 29
13 19
13 26
8 18
16 19
8 14
10 20
15 4
1 8
22 13
25 0
26 3
9 8
28 29
9 5
26 3
8 20
0 8
29 27
18 11
13 11
6 19
13 24
13 4
24 7
26 1
3 2
22 9
3 22
2 21
22 16
0 26
24 22
16 14
0 4
8 2
7 17
24 7
13 18
16 17
20 14
15 0
17 21
11 25
11 13
10 21
9 17
17 2
6 29
15 23
11 6
23 3
5 17
2 0
1 8
15 6
10 19
16 3
15 11
24 16
9 14
28 13
21 23
1 3
9 25
13 11
15 23
28 18
27 2
28 21
24 24
13 12
25 27
0 21
26 15
10 14
17 29
14 20
21 13
4 6
15 9
5 27
23 4
5 20
26 19
3 27
6 0
24 29
15 25
4 6
15 2
7 13
1 22
24 23
5 26
5 5
22 11
11 26
9 24
6 23
28 23
17 19
20 2
29 7
6 5
13 2
4 27
14 27
18 3
17 2
29 23
17 29
9 16
14 21
15 25
0 3
14 7
11 28
4 1
15 14
3 20
24 7
2 26
0 9
26 11
17 25
14 13
18 12
7 8
25 1
16 9
0 8
2 5
8 1
17 14
22 2
21 6
11 4
10 24
4 23
26 3
2 11
4 22
13 1
20 21
20 9
8 24
0 28
15 17
1 11
10 22
29 1
25 11
4 11
21 7
28 2
3 18
22 28
9 20
18 18
1 19
6 27
11 24
14 20
15 13
4 17

32 304
26 27
27 19
26 29
15 18
7 26
5 20
3 5
0 9
30 15
6 19
18 23
26 25
8 0
26 0
4 9
31 7
16 22
11 31
8 20
24 26
23 14
11 14
12 14
7 17
3 3
29 15
25 4
17 4
21 16
12 25
13 24
20 10
8 28
25 15
2 26
16 2
16 23
30 28
14 26
7 11
9 4
31 20
14 22
30 7
23 20
23 19
13 24
5 28
24 6
5 13
20 15
26 29
23 16
13 15
22 21
8 21
31 2
26 25
6 29
16 7
24 8
12 11
29 10
27 21
16 30
18 8
17 29
13 0
15 16
3 14
1 14
22 13
1 10
23 17
21 23
4 29
16 19
17 24
18 7
25 7
24 21
2 2
20 7
11 15
8 1
8 1
3 20
8 15
18 14
12 18
1 14
3 1
19 30
7 1
19 3
1 25
0 26
11 8
6 15
5 16
0 11
17 19
20 1
28 22
7 21
0 18
24 8
19 14
27 11
12 21
13 10
18 4
19 7
31 25
28 23
10 24
12 20
25 2
28 26
31 2
6 6
16 13
0 19
5 20
20 29
27 3
28 30
4 12
9 7
30 19
15 26
18 15
1 9
19 30
28 15
7 1
9 8
3 29
26 9
26 19
16 23
10 2
12 17
1 5
24 30
24 9
15 10
5 2
3 17
12 2
14 3
7 15
16 23
12 28
5 21
18 27
5 23
13 16
18 7
12 7
18 31
8 14
5 0
9 0
1 17
16 0
9 18
8 16
18 10
18 19
18 30
21 27
27 5
28 10
19 11
25 1
24 0
25 1
17 17
15 30
8 23
4 30
25 9
16 1
21 2
11 28
20 4
20 0
17 1
15 14
19 11
8 12
25 5
0 3
5 12
15 14
25 28
5 24
7 7
16 7
4 27
17 8
27 21
0 6
0 7
5 30
9 23
9 28
13 24
15 14
10 26
18 6
21 23
27 17
3 10
11 13
8 24
17 6
19 31
26 5
31 0
15 24
24 4
16 27
7 24
2 26
8 23
29 14
19 2
14 26
21 2
22 23
11 10
16 12
31 30
5 18
12 31
26 16
0 0
29 24
19 29
21 3
12 28
24 16
21 19
21 5
0 31
23 5
4 24
8 6
2 7
31 5
17 6
1 12
26 18
1 16
24 21
9 3
7 7
20 4
30 20
3 21
12 12
24 26
13 20
28 0
3 19
9 24
28 3
6 3
20 3
22 20
24 21
7 4
14 20
28 12
4 25
3 10
2 24
6 13
24 2
23 18
30 22
8 23
2 11
8 26
14 28
31 1
20 18
29 29
27 19
28 6
15 29
14 10
13 10
12 11
12 8
2 9
0 15
27 19
14 13
0 17
27 7
23 11

27 211
7 23
11 14
8 15
11 20
8 25
25 21
23 9
3 23
20 19
9 16
20 10
24 22
12 14
11 5
5 5
4 25
4 8
23 19
17 14
11 16
1 7
4 24
3 25
9 4
15 9
14 18
21 8
1 2
24 25
17 8
19 26
23 7
26 1
20 12
7 18
19 3
25 5
24 1
18 9
6 14
6 7
3 0
1 16
23 17
25 19
17 2
15 11
15 0
0 11
5 22
15 13
7 13
11 10
12 4
1 0
1 0
6 24
3 18
19 8
1 14
14 16
19 15
15 1
26 22
12 0
11 23
24 19
6 5
7 2
7 4
6 0
9 0
6 16
1 21
5 17
24 11
19 18
16 4
5 26
21 1
6 17
7 10
13 18
20 5
3 15
23 20
12 2
16 2
17 15
17 9
3 26
2 25
13 5
15 10
1 1
0 4
19 18
12 15
15 10
7 13
12 2
26 16
23 5
10 10
2 15
5 25
25 10
11 1
11 3
11 25
20 6
4 25
14 9
25 8
22 11
3 7
4 7
19 17
22 2
24 12
10 5
17 23
3 23
4 18
2 14
9 24
24 1
17 0
22 9
5 1
15 26
13 13
13 5
19 1
16 18
19 16
19 0
26 24
18 19
3 13
17 5
2 21
7 0
15 23
18 12
12 24
26 20
16 24
24 5
14 22
10 0
17 24
22 17
4 26
2 0
2 3
26 21
8 21
11 26
20 20
5 22
14 1
7 21
6 21
15 7
10 5
11 23
3 14
13 3
6 5
16 4
6 15
8 23
10 5
15 0
20 14
9 12
25 7
0 4
23 5
20 13
19 26
25 9
20 1
18 12
13 4
5 20
1 19
21 0
5 15
6 19
4 26
16 12
20 8
14 6
1 0
24 10
12 13
23 3
19 0
15 16
9 13
0 23
1 25
23 0
24 10
0 1
4 24
1 11
13 21
4 12

29 403
0 13
11 2
5 16
19 14
12 5
13 19
20 6
23 21
15 24
4 1
28 8
1 17
28 21
11 8
12 21
14 5
2 25
28 6
28 3
24 9
9 16
24 18
15 8
26 10
13 4
12 16
21 14
23 7
25 28
8 16
16 1
12 21
20 25
0 2
5 1
12 20
11 17
2 24
18 0
24 6
1 23
3 9
17 8
26 9
12 6
4 11
22 23
16 24
18 12
17 19
4 19
4 13
11 24
3 5
18 6
10 22
4 25
27 15
18 19
24 24
8 17
24 19
4 23
17 5
28 20
2 23
19 0
18 26
23 8
16 26
14 26
0 24
3 28
9 6
19 12
16 18
25 11
2 20
19 23
4 26
1 20
19 1
15 2
4 14
18 26
14 9
0 0
4 23
3 2
19 23
22 23
22 25
20 22
4 14
20 12
21 5
22 25
1 14
24 21
21 11
1 10
27 17
16 4
6 22
26 23
18 15
6 0
24 16
0 21
11 0
5 20
20 8
12 23
10 1
27 18
22 6
6 21
9 18
21 13
5 15
1 22
28 7
3 22
14 9
14 2
1 23
24 8
21 8
11 14
5 7
14 25
20 22
10 12
14 9
13 14
18 28
10 8
16 16
13 1
16 26
3 26
18 22
1 16
20 0
21 2
26 27
28 15
22 5
18 28
28 8
16 6
11 14
28 13
16 5
3 9
7 24
11 0
18 14
28 3
21 7
18 8
7 15
8 7
17 26
18 14
14 20
23 16
21 27
5 27
11 13
20 1
20 17
3 6
28 5
0 24
15 27
25 26
18 9
0 9
11 13
24 22
17 6
22 28
3 18
13 22
18 19
5 5
10 13
14 6
10 8
13 27
11 26
1 9
16 5
2 20
14 7
5 13
24 17
13 0
19 21
11 14
12 0
26 2
2 11
23 5
0 20
25 2
10 22
26 22
27 5
7 13
18 7
7 22
14 7
13 23
7 26
6 13
4 26
0 12
19 23
8 9
0 3
0 21
3 16
27 1
7 1
5 4
0 18
5 14
25 2
5 23
10 0
6 25
4 14
16 20
1 4
23 22
24 22
22 1
8 26
10 12
18 2
5 0
28 5
11 23
18 10
25 20
9 3
6 18
10 19
12 21
12 0
25 16
7 7
3 6
2 13
23 23
5 2
15 24
6 19
11 10
6 7
23 12
7 0
3 27
6 1
21 28
13 10
16 16
28 15
14 1
21 14
8 22
16 16
25 19
14 20
10 11
6 8
25 27
28 0
28 11
5 24
22 25
3 5
21 4
1 4
13 0
21 12
11 9
27 2
2 19
7 2
10 3
13 15
20 10
6 0
6 19
0 26
27 23
15 5
23 14
16 24
10 27
16 26
18 17
5 18
17 9
16 18
13 17
26 17
21 12
9 20
12 26
2 8
6 18
24 3
17 4
1 8
9 11
2 14
24 24
11 23
13 28
21 27
19 6
12 9
6 8
26 1
2 13
6 14
11 6
12 12
12 20
23 23
11 16
17 28
23 2
11 3
23 6
10 16
13 21
8 1
0 18
0 27
10 4
25 11
8 12
22 12
24 22
5 24
7 16
12 11
0 5
2 19
22 28
4 14
14 5
15 22
22 10
4 24
24 13
21 21
15 21
20 20
19 23
9 21
15 24
17 4
15 10
10 20
24 6
13 26
6 15
13 11
4 8
3 12
23 9
25 2
22 9
7 2
13 8
24 14
7 8
18 7
17 0
11 0
0 25
4 15
2 7
9 16
27 23
26 5
28 8
10 24
24 13
13 27
26 17
21 28
13 6
20 27
3 5
16 21
6 6

40 185
34 23
30 25
33 10
21 27
3 2
28 33
1 38
9 2
14 31
38 8
18 26
34 20
6 13
26 29
15 3
1 23
37 17
24 37
37 14
3 9
0 2
23 13
27 14
32 24
19 22
37 39
8 30
22 6
5 19
32 6
16 25
4 36
17 23
25 16
37 24
16 5
0 18
22 23
17 16
21 15
19 3
25 25
24 0
4 9
1 38
20 16
34 23
14 8
24 10
14 17
21 35
14 12
23 37
10 27
17 20
34 0
30 28
10 31
1 38
10 25
27 9
21 6
10 31
15 14
2 11
33 20
8 33
31 16
35 29
33 16
8 37
1 5
11 11
8 8
22 19
25 23
9 31
3 13
36 34
33 17
8 37
33 21
37 14
33 33
30 33
26 37
38 12
31 13
37 0
33 19
2 13
29 39
28 3
28 1
37 30
8 35
21 26
36 36
8 19
37 27
7 30
24 8
22 5
36 14
0 23
1 9
18 12
34 0
8 12
25 2
4 23
23 6
11 32
5 30
21 21
2 31
16 17
32 25
12 20
5 12
21 1
19 0
2 10
3 4
6 16
28 4
0 30
24 19
27 35
15 24
10 21
4 31
17 31
36 24
4 38
3 26
30 1
0 36
36 28
30 10
19 4
13 21
38 13
17 21
13 23
0 36
10 26
9 27
26 4
12 4
39 27
10 38
29 11
39 23
9 5
4 24
29 20
19 23
9 1
31 21
19 5
16 18
29 28
18 36
23 37
2 26
16 14
36 39
20 36
39 24
6 1
21 14
12 24
23 35
16 12
23 29
0 13
18 2
30 39
0 8
18 31
9 4
1 11
16 0
18 29

14 28
8 8
10 6
8 2
3 1
8 2
3 5
11 7
2 8
13 6
3 4
3 4
6 8
5 4
4 11
7 1
3 6
3 1
13 12
3 12
1 5
7 10
9 2
7 13
8 0
3 4
7 7
3 13
5 5

33 368
30 17
8 14
13 24
18 16
25 20
21 23
12 0
1 23
31 10
17 23
8 7
12 25
15 16
22 31
31 26
30 3
21 18
25 19
10 12
24 27
22 13
20 32
31 31
30 4
20 8
31 1
30 12
32 1
19 14
24 5
19 11
11 22
13 27
12 13
20 30
18 15
5 20
22 17
25 16
0 8
8 4
16 22
11 16
9 32
13 11
31 7
0 27
24 1
4 5
27 27
16 12
16 14
18 18
23 30
29 2
26 0
9 29
0 10
15 23
16 10
32 15
31 4
22 26
4 11
1 10
26 23
26 19
2 17
25 16
16 8
11 6
13 6
30 0
21 24
15 30
7 24
7 22
23 23
3 8
11 26
13 5
16 20
12 6
6 0
19 28
0 14
30 13
25 3
27 0
19 18
27 31
28 24
16 8
27 21
7 20
20 4
24 14
25 8
6 20
32 25
12 13
14 26
8 20
6 24
30 12
25 5
17 20
5 12
12 21
28 14
22 28
23 27
7 17
4 20
23 9
9 15
10 6
2 1
29 5
31 26
14 29
12 32
29 8
29 1
13 7
5 8
30 23
30 20
31 22
7 3
27 27
27 18
16 0
10 26
4 12
16 4
29 4
7 31
3 5
4 1
2 29
8 10
17 3
21 6
22 27
2 27
23 17
9 22
18 22
5 9
10 10
13 30
23 11
32 21
4 30
2 18
19 1
28 25
32 26
21 20
31 18
25 20
29 25
17 11
23 27
6 32
11 14
6 21
1 32
20 20
11 6
14 30
9 22
24 21
19 32
4 20
7 31
6 32
3 31
27 8
17 14
27 31
3 23
2 19
0 14
24 3
6 1
16 17
6 24
25 31
6 31
5 2
13 26
13 0
1 6
16 2
26 28
3 0
5 25
1 5
28 7
22 25
18 24
0 21
15 7
18 13
14 14
17 5
14 22
2 26
2 9
21 2
6 29
18 26
14 7
15 7
2 25
27 14
9 24
6 9
22 22
23 16
28 9
7 13
30 19
30 21
19 8
9 5
23 21
22 8
25 17
25 2
2 10
19 24
20 22
8 22
1 10
22 7
22 23
8 8
28 14
32 24
31 30
15 3
21 6
5 24
9 29
18 14
10 9
2 6
20 30
2 26
22 4
27 10
24 5
17 24
24 32
21 9
6 8
29 18
0 18
17 18
22 32
10 22
1 1
8 20
7 1
16 16
10 2
25 17
24 21
23 7
21 0
32 26
27 21
20 30
8 9
20 11
6 7
16 12
16 17
13 23
1 13
0 2
1 22
3 8
6 31
8 22
3 19
12 32
7 25
13 28
28 30
28 4
32 11
15 27
3 30
8 20
32 15
2 4
32 2
15 28
32 3
11 8
29 0
0 8
12 9
6 0
17 14
9 4
3 3
1 21
1 2
21 19
25 23
5 28
18 18
2 32
13 23
21 24
20 14
32 4
10 31
29 26
17 3
8 19
1 20
15 13
30 8
28 18
21 12
11 27
19 16
12 4
3 16
10 32
14 10
10 8
3 16
19 0
29 31
16 16
26 28
0 1
25 3
9 20
19 22
7 19
31 16
24 16
2 10
20 7
3 2
29 25
20 2
27 23
27 8
6 31
26 26
2 23
18 16
28 23
10 0
14 7
5 16
26 7
4 15
13 14

0 0

34 315
29 28
17 20
32 10
14 3
29 29
23 17
8 27
4 28
1 27
10 15
24 5
28 27
16 15
19 30
29 1
31 4
21 14
12 33
23 23
18 27
30 3
16 24
8 19
12 26
4 27
16 29
29 0
14 24
3 21
23 23
10 13
28 22
29 20
9 4
29 12
19 31
22 4
4 3
27 27
15 28
27 29
19 21
30 17
27 13
24 9
5 2
18 0
7 1
5 30
29 30
8 8
2 5
12 2
33 16
18 22
0 21
4 31
14 17
26 22
33 21
26 5
2 14
9 0
32 18
4 25
0 2
7 5
13 9
26 6
23 6
12 20
23 8
3 13
31 11
19 2
30 15
28 25
23 7
10 1
15 28
18 7
11 33
16 17
19 24
2 23
20 9
31 18
4 18
29 13
21 13
17 28
3 15
19 25
32 11
4 28
29 8
33 8
3 6
24 17
14 1
16 5
4 19
26 11
21 16
30 1
12 18
17 0
8 23
19 31
14 22
30 21
14 14
4 19
29 5
24 12
9 4
27 10
17 21
14 10
27 0
20 24
0 23
24 33
33 21
14 19
2 21
18 19
13 32
10 4
23 23
23 28
9 22
6 30
29 5
19 20
5 17
18 32
5 4
10 30
2 5
31 2
15 2
16 32
1 26
5 7
19 4
22 31
6 14
13 28
33 2
12 7
21 11
27 14
29 6
25 16
14 0
12 32
26 2
19 12
26 25
2 0
27 12
13 13
25 0
5 15
6 22
12 14
10 22
20 2
7 26
30 32
3 21
18 32
8 2
16 16
2 2
18 12
24 6
6 28
6 28
19 15
13 18
1 9
9 33
15 14
8 13
5 16
29 25
5 22
17 27
18 2
25 28
19 4
5 2
5 4
23 26
13 18
15 31
3 26
11 17
33 14
1 29
6 5
16 0
10 3
6 14
15 29
7 12
4 3
29 2
20 17
21 18
2 24
16 7
2 9
0 0
5 21
6 27
22 5
20 29
4 15
6 11
0 14
4 33
12 18
4 0
11 20
30 13
10 21
7 6
6 3
29 30
11 18
32 7
8 14
33 13
29 4
17 23
26 6
32 10
5 10
14 17
9 12
22 27
8 32
18 5
12 2
28 24
24 18
18 8
14 15
0 8
3 27
29 25
26 19
22 14
3 23
2 25
26 0
17 24
10 27
2 0
23 22
15 32
28 26
32 32
3 3
12 18
12 6
24 20
13 4
5 24
22 11
24 19
30 2
6 31
17 9
10 18
6 10
16 19
15 20
9 12
15 29
24 16
0 24
1 27
5 3
27 18
18 24
27 8
18 16
33 19
13 1
31 16
29 4
26 18
17 7
24 13
5 33
23 28
4 12
0 15
12 0
17 24
32 33
14 18
32 28
26 24
28 12
22 12
26 1
17 0
8 20
1 26
16 6

1 0

6 6
4 0
1 0
2 1
5 5
4 0
4 3

10 11
6 9
6 0
2 6
5 4
8 5
9 4
7 4
2 6
5 1
0 5
7 7

18 43
17 14
11 17
7 11
12 12
0 6
5 9
11 5
6 10
1 4
7 9
6 13
16 5
8 10
16 7
15 1
17 11
12 9
0 16
8 2
12 2
12 17
1 2
15 6
10 17
8 17
14 11
2 8
4 6
11 6
0 14
9 6
6 2
0 1
10 2
14 12
16 9
5 11
12 14
17 14
11 15
1 13
10 6
5 13

34 454
13 29
28 12
15 2
30 0
32 29
16 7
8 0
19 22
9 26
30 10
9 8
7 11
15 17
13 2
17 6
33 8
2 24
17 4
7 29
31 20
27 21
31 18
0 15
15 21
2 10
27 28
26 0
5 29
25 23
21 24
18 6
17 20
20 31
4 24
6 12
23 22
17 15
19 12
33 24
32 18
2 29
7 21
29 13
11 27
28 30
21 1
29 31
20 11
29 15
27 29
32 19
23 1
6 19
31 14
16 23
26 6
29 16
33 22
10 18
23 27
8 6
21 6
30 16
10 13
26 5
9 10
10 32
17 8
16 4
22 25
7 31
31 10
14 20
6 14
29 11
9 13
16 26
7 25
28 10
19 33
10 20
23 30
27 27
9 14
19 25
22 14
20 18
27 28
12 32
7 31
6 23
4 6
23 12
33 20
21 1
15 21
22 33
5 1
18 21
26 0
4 25
13 3
23 29
32 9
32 23
20 9
27 15
12 4
23 6
22 13
29 16
24 16
16 25
28 0
14 16
14 22
17 32
24 7
32 10
0 23
13 1
4 7
20 6
0 26
21 21
33 17
8 30
3 17
24 16
26 10
26 30
21 13
2 18
10 25
33 15
6 20
6 16
10 6
22 14
31 3
10 20
17 1
28 16
17 3
31 29
20 9
15 13
30 8
1 24
3 28
27 14
24 22
31 14
29 29
9 26
29 3
12 30
9 26
7 23
33 2
5 15
31 1
14 17
3 14
8 30
26 30
26 27
10 19
3 1
28 23
3 10
4 10
12 27
11 33
26 24
5 18
26 18
6 33
20 29
18 24
33 20
14 7
26 20
29 28
20 30
31 0
33 11
10 0
33 9
2 15
8 28
26 6
22 26
23 26
13 32
28 31
4 22
10 12
19 7
11 10
29 21
0 4
2 16
14 17
28 7
7 6
9 6
24 32
12 21
21 15
29 4
4 11
7 28
7 13
4 32
25 26
6 12
30 10
32 26
3 25
30 9
30 1
18 1
18 12
15 14
29 4
9 25
9 23
0 17
31 6
5 11
30 17
25 3
33 15
10 23
13 3
23 24
23 13
10 19
30 26
30 16
26 0
10 2
10 6
12 22
12 19
16 22
4 3
16 3
8 8
9 24
30 17
25 0
32 10
13 29
1 26
17 31
7 0
5 18
10 33
25 6
26 25
22 14
8 31
5 15
16 11
21 0
20 11
7 21
12 18
4 0
19 23
6 32
28 7
27 30
14 12
6 16
20 22
11 0
28 4
23 9
26 24
19 18
13 22
11 29
31 23
1 21
16 2
15 1
0 6
2 26
7 6
28 14
22 6
7 15
32 5
7 31
18 26
31 33
4 0
11 6
18 20
17 29
10 18
6 9
13 31
3 9
2 25
2 4
32 11
31 5
30 0
24 31
0 18
24 32
33 2
22 16
29 28
21 32
19 13
29 16
11 6
30 14
19 29
2 24
5 17
28 27
26 27
33 14
23 31
22 13
8 13
2 15
2 13
12 19
1 16
2 25
24 19
0 2
19 9
24 26
6 26
33 25
21 15
6 9
14 22
27 1
13 1
31 20
33 31
29 17
32 16
1 5
6 1
6 3
33 26
2 27
8 14
13 27
19 22
4 3
25 15
0 16
12 21
22 7
8 33
10 15
23 18
9 21
1 25
16 32
7 0
10 33
2 14
28 27
8 7
3 8
21 16
12 33
18 19
24 7
17 27
22 7
13 23
6 26
26 32
7 1
0 23
13 24
12 8
10 32
13 2
22 11
18 14
21 20
30 30
22 26
11 12
0 1
14 28
20 19
15 18
4 30
0 13
19 26
0 14
0 24
0 9
3 15
1 25
15 5
27 26
20 24
1 2
25 11
12 26
23 8
13 25
2 13
22 29
13 6
4 27
5 15
18 3
31 32
24 21
5 15
3 5
13 18
22 20
19 26
16 21
6 5
30 14
29 31
25 12
27 29
28 27
2 31
16 31
11 10
23 7
22 6
3 1
7 7
31 23
28 3
18 33
11 4
25 30
19 33
28 28
29 10
1 1

21 50
5 9
18 16
9 9
3 18
6 6
6 13
13 14
13 11
15 16
6 2
0 14
11 19
0 12
13 4
7 13
6 6
13 8
16 1
2 1
18 15
6 19
5 7
12 15
13 8
3 13
10 9
8 1
15 18
16 11
18 12
11 8
14 5
9 14
4 0
4 2
12 18
9 10
10 14
14 19
4 6
8 11
2 2
7 16
10 18
9 18
3 6
2 2
2 10
12 7
5 18

12 48
11 11
10 6
5 0
7 7
11 11
8 5
6 0
5 10
2 8
8 7
10 9
11 0
6 5
3 7
3 0
2 0
5 10
1 7
9 0
2 5
11 10
3 3
2 4
2 8
11 11
6 0
8 10
10 6
6 3
9 4
9 1
2 2
8 5
11 8
11 1
8 6
0 9
3 1
6 4
0 11
9 11
8 2
9 9
0 3
2 9
2 7
5 8
0 2

12 39
6 6
9 8
7 8
0 4
6 9
11 11
5 0
8 2
5 9
9 0
5 5
7 6
9 8
0 5
4 9
9 0
8 10
7 4
7 5
8 3
5 9
4 0
1 4
7 11
3 0
5 7
9 9
7 10
7 10
6 8
10 3
1 5
7 4
8 9
5 0
9 5
10 4
3 9
7 9

5 8
2 3
1 0
1 2
4 3
3 4
4 3
2 2
4 3

